10092
10093
10094
10102
10103
10104
10112
10113
10114
10122
10123
10124
10152
10153
10154
10162
10163
10164
10212
10213
10214
10253
10254
10273
10274
10283
10284
10333
10334
10363
10364
10373
10374
10443
10444
10463
10464
10493
10494
10503
10504
10543
10544
10553
10554
10583
10584
10594
10604
10634
10644
10664
10674
10684
20092
20093
20094
20102
20103
20104
20112
20113
20114
20122
20123
20124
20152
20153
20154
20162
20163
20164
20212
20213
20214
20253
20254
20273
20274
20283
20284
20323
20324
20353
20354
20363
20364
20433
20434
20453
20454
20473
20474
20483
20484
20513
20514
20533
20534
20553
20554
20564
20574
20604
20614
20624
20634
20644
30092
30093
30094
30102
30103
30104
30112
30113
30114
30122
30123
30124
30152
30153
30154
30162
30163
30164
30212
30213
30214
30253
30254
30273
30274
30283
30284
30313
30314
30343
30344
30353
30354
30423
30424
30443
30444
30463
30464
30473
30474
30503
30504
30513
30514
30543
30544
30554
30564
30594
30604
30614
30624
30634
40092
40093
40094
40102
40103
40104
40112
40113
40114
40122
40123
40124
40152
40153
40154
40162
40163
40164
40212
40213
40214
40253
40254
40273
40274
40283
40284
40313
40314
40343
40344
40353
40354
40423
40424
40443
40444
40463
40464
40473
40474
40493
40494
40503
40504
40523
40524
40534
40544
40574
40584
40594
40604
40614
50082
50083
50084
50092
50093
50094
50102
50103
50104
50112
50113
50114
50152
50153
50154
50162
50163
50164
50273
50274
50303
50304
50313
50314
50383
50384
50403
50404
50413
50414
50473
50474
50483
50484
50503
50504
50513
50514
50583
50584
50603
50604
50643
50644
50654
50664
50694
50734
50744
50754
50764
60082
60083
60084
60092
60093
60094
60102
60103
60104
60112
60113
60114
60162
60163
60164
60172
60173
60174
60253
60254
60273
60274
60283
60284
60313
60314
60353
60354
60363
60364
60473
60474
60493
60494
60523
60524
60533
60534
60584
60584
60593
60594
60623
60624
60643
60644
60664
60674
60704
60734
60754
60764
60774
810104
810105
810114
810115
810134
810135
810204
810205
810525
820114
820115
820134
820135
820204
820205
830134
830135
830504
830505
830525
840114
840115
840134
840135
840204
840205
840255
850114
850115
850134
850135
850154
850155
850204
850205
860104
860105
860134
860135
860255